8130
8842
16
11325
9825
16007
12361
10444
10911
1396
4801
19372
5492
2426
1652
1530
9923
15050
2722
8183
5499
13155
652
17367
18213
13544
5010
12064
17911
18881
16629
15392
11734
13463
4249
17997
8506
15207
428
7185
16035
15951
15374
1209
15994
6602
2424
9363
19664
18373
1256
1875
13065
18728
2232
10373
4145
13925
5188
2
1047
7493
6466
11994
10312
7834
6016
757
8084
1016
666
6015
6571
19877
4835
3253
14987
16494
512
2858
12231
4773
1695
17781
2860
10662
5583
1117
15084
3271
11603
3653
21
10329
8767
6425
7405
14639
7220
15693
4727
2174
3880
4302
10412
1671
6550
19275
10002
11011
7695
17052
3267
5046
4888
18714
7198
16473
4395
12534
8756
5495
13301
12428
3251
11755
1813
6421
17182
15078
9495
17290
18790
9435
6855
7731
17343
16899
13430
18272
9281
2143
3871
9890
9944
10036
5468
4173
17959
16986
16092
1877
15034
5909
7757
17037
15248
9404
743
12591
7838
11475
2874
3420
1735
4206
6647
5700
15270
9335
5307
16645
6161
5144
13181
18185
9019
3292
6062
4098
13356
12797
11892
9476
19214
17620
18843
7251
13169
19719
4084
9254
8457
9508
7186
14310
12776
976
16240
4188
16238
5762
9060
15876
11336
13929
5641
16574
17282
2819
8405
8002
4062
11427
865
16952
14519
17672
16930
18099
12336
3289
4524
380
2896
2709
16099
11472
10935
16587
4731
13835
169
17717
8384
14301
3286
11992
13825
13482
2658
3037
13774
15290
1251
13165
6561
15299
10
7374
5304
14584
13673
11975
17340
14427
12606
19347
10458
11858
11258
13746
3656
3423
388
7923
2923
8954
10657
7235
16838
8748
18042
19072
3722
18152
17872
2469
15989
18814
1885
18661
13814
7516
15858
10596
1810
6172
19634
13520
9446
17121
17895
6576
12837
18282
3689
3935
7987
7009
530
51
18219
12294
6766
13615
6756
11083
462
6893
6197
2280
4662
4223
19163
14268
13466
5414
15451
14334
18016
12805
7000
17010
17102
11053
8886
9828
17919
1481
9757
2530
10426
5903
4711
14058
9612
17910
12672
5353
16143
14559
6895
17813
1773
7630
15483
13706
16492
15247
10236
18620
124
1867
13135
18932
13986
3742
19420
2299
17956
16736
19294
16302
13760
1007
19488
1572
11561
9407
15632
7873
540
16618
12782
15465
4070
9601
12398
10972
11058
14825
12926
15851
6076
8385
18150
11639
12488
10714
310
6922
9639
12344
1070
17453
19187
4076
11655
8610
18023
19502
14238
13104
19924
2110
12266
14518
11203
4761
5418
10334
19887
8990
4905
3534
6067
4469
9905
13054
7602
15965
8447
14344
19694
12689
11764
10338
19070
9180
5293
12823
3124
18292
11511
8456
8901
19041
7849
5716
15894
10208
3073
7726
6183
17491
7634
907
19684
14172
19287
17938
16127
1119
15114
16214
18617
18029
10893
8864
9176
8821
11179
818
9945
15535
2733
19813
11380
2379
3192
15370
13562
10705
4961
11431
6140
6665
8101
11998
2359
12815
18569
31
1984
5312
6980
5238
3730
11128
4203
7858
16308
9954
11838
11407
14036
5785
15259
14841
13288
3939
4270
13928
8139
3155
15249
91
9637
14028
10217
1399
1968
13128
4569
18131
13650
1103
217
1027
2417
12032
11967
1955
1313
8911
18413
2293
1567
7150
1558
13773
15363
4764
3000
12205
15271
6354
9505
10637
14821
1018
3382
2256
3457
854
11460
5491
8390
5187
18337
4656
17395
9796
2729
15836
940
4000
9346
15620
465
8795
3093
2914
19476
2876
9998
17725
16396
5291
16454
13457
16382
3676
12748
19946
776
2049
15816
5002
12018
1464
7257
11830
2704
5398
14948
897
6555
11521
557
14629
12858
3671
6127
17044
7893
17490
6481
2815
10873
19212
1223
5595
17307
16418
11660
10067
1184
18966
18074
7583
3591
8264
15544
2970
15677
9697
4315
10425
15342
872
14274
9152
7320
6785
16523
1118
3051
1790
18153
10245
12874
1861
9567
12470
8090
2587
9406
429
15033
16475
4985
4597
5003
5787
9889
350
1860
18933
10773
15060
10294
15298
18899
1731
7303
1524
14359
18591
3652
11672
17668
4177
4496
4246
2119
10591
2079
151
10305
3980
9477
4122
691
11759
19637
16884
1258
11241
16123
16216
13777
3262
5830
14578
12352
3731
8451
12758
15799
1381
19100
11657
3185
5755
2900
19450
6149
16384
12486
17628
15463
12158
13425
10054
1418
15420
6171
11090
4868
4030
2799
3560
6731
14555
220
1249
15099
14607
6578
19917
8316
15522
9902
3237
4689
14771
3975
15085
813
1928
16520
16333
12680
6888
13138
6276
11839
6234
15146
2248
11536
10199
3645
2827
13692
507
5011
1912
6134
8572
3789
8942
16905
10655
7139
10013
8290
12338
3431
2291
8840
5596
17474
3306
16718
14963
18559
9968
362
3236
3018
12063
18860
13810
15769
7596
12959
6258
16107
14809
18757
12461
11147
11963
18144
10608
9858
8465
8965
5214
6580
9512
8491
16326
11669
14187
8510
6163
9165
11883
9367
16171
11923
2782
14243
10319
3296
7638
14676
13691
16608
19605
848
9842
15169
16589
9649
18991
17944
9523
14870
521
8969
12082
3582
1526
12175
16834
17891
12086
4584
1377
18878
111
17310
2589
11496
13497
4159
5643
5245
4162
19990
17024
4152
979
5932
15685
10365
16678
799
2487
716
14599
566
18255
12846
14180
5204
8502
3822
987
11640
1924
13096
2477
1237
11077
14024
5346
15464
11821
8573
18266
4336
9767
13667
1513
10028
10396
12618
1094
10855
16774
19620
14553
10624
12906
15511
4748
8934
1145
7263
8020
15098
3572
5399
3274
13527
10345
15935
9179
360
13035
14493
18306
7784
17169
4466
7044
5514
13772
4803
16259
5517
13534
19231
13445
14782
19160
10785
9332
4504
9361
4983
17934
4260
2231
15319
12270
5886
10985
2723
4106
8712
6808
17861
876
15797
4613
2065
16808
15175
7353
16584
19144
18515
11464
12408
4676
7126
5041
6633
6263
10066
5811
19394
1978
551
8194
11315
7748
4580
3516
3130
15574
11299
6496
4861
6835
15995
7425
5110
16833
9919
16395
8361
15127
3380
17020
7209
10682
6768
18273
607
6773
16154
13188
13389
16557
8223
12006
8517
16542
8930
9549
15208
16422
14922
12464
10283
10279
11253
10937
17978
10831
15766
10251
17005
1413
19655
9090
11030
11056
4655
19852
17658
203
7246
11040
3397
7057
15753
14533
15705
13419
8156
17389
9105
11922
9899
10840
11361
7111
10266
5859
14137
12791
619
6058
7645
3427
8747
18184
5707
13552
4422
4475
3922
16611
98
10007
3675
10699
4557
7862
16374
7156
6356
4175
2567
11873
3061
18557
3636
800
15945
15505
18756
3666
5887
2213
17099
15191
13461
7512
3875
19818
3500
16225
9624
6971
4468
5525
12557
11317
8126
11740
154
19512
10095
16022
3003
4446
9099
10289
8186
2383
12171
16297
13872
3498
2286
6735
15721
8867
14350
17207
12182
11783
11369
17058
7558
5749
6629
17213
18594
12925
16583
18164
2237
5311
16997
8259
1764
8834
19266
9493
3887
10137
17733
4417
16793
3300
4887
17152
12530
14478
18717
9743
19388
4729
3363
3490
11291
16359
16088
10741
19908
2795
2754
202
19029
9709
13354
1042
15255
10672
12159
5376
9008
8141
2803
2793
6803
13211
10467
6247
8953
5698
13992
11208
10908
16420
11897
16152
2579
13027
13368
100
3962
12463
2420
4805
7131
15741
12647
11899
8103
18415
17071
7599
9378
9684
15377
16372
14039
15232
10802
7187
13153
8858
8242
9196
16031
13143
9667
15346
19088
16925
1446
3813
70
1323
10946
6463
19340
12529
12376
11374
16482
5656
3268
2594
12247
13081
6747
6554
7134
6890
5141
9122
18647
19740
13259
3568
11100
6106
4950
17426
443
166
6118
732
3754
12271
8035
16831
15475
3667
4739
19889
15771
15002
2936
484
2982
13300
7207
12978
5934
4566
8093
14437
12316
14513
13201
15671
5364
19498
4604
6262
13154
7827
18995
11602
4498
128
4920
11391
12667
1891
12497
18545
2536
14534
5588
10564
5952
1345
8833
18920
8470
8531
11303
2262
688
3335
5232
15772
4109
14962
13
1462
2931
7918
16837
686
2692
13927
11861
2358
7338
18644
8036
2004
14634
15601
6114
19188
4623
15638
18774
3416
5790
2922
19524
5906
16723
19353
10314
11737
8524
8892
2135
7612
8172
1534
18985
3988
16946
60
2873
15824
1856
16983
13126
6013
12904
5009
9708
9375
2170
13824
4129
7345
5747
11934
14597
148
15482
12772
10632
13944
10295
10726
14844
18457
11050
5004
4232
570
7682
3221
968
3617
11396
16659
9149
3853
13033
12335
19196
7043
242
4710
802
15307
3649
2125
6908
1592
7321
11436
17311
2813
1230
12720
13909
4429
14284
3238
2101
8008
15933
19913
10299
1974
19540
5050
6184
1496
12
7703
9865
7047
9095
16077
18723
2371
11542
14585
2578
2532
7738
10967
4166
7189
6905
2775
4591
19220
9170
4817
3947
11831
8034
14258
15667
11995
3527
17585
18488
15094
1161
19116
7593
3777
18541
10745
6465
19413
12280
18299
2586
5684
1720
13380
1158
16458
19319
17403
4781
10348
8056
444
6021
2728
13097
12000
16958
9661
667
17148
6549
6065
17164
18484
4214
8562
194
3567
19313
18136
6582
1821
922
17862
17688
15895
6777
12452
13727
6828
5599
11977
6623
18598
957
19448
12020
13698
1309
15624
704
18939
11237
8467
5619
369
12670
11589
8511
15250
1691
17728
12937
601
18580
7018
16695
11950
12745
10961
5875
5770
13611
7190
6422
13665
10907
16263
19089
15630
4741
3776
11076
5507
16209
1061
8810
17143
1307
19339
7409
19717
8122
19063
116
11997
18211
5159
12492
19957
16974
4051
11355
7522
8866
9078
15709
19558
9725
11379
5419
10828
3845
6979
8349
13381
4516
5580
3610
4705
8891
2842
7794
273
9539
7865
17165
5984
16859
289
3076
5405
11656
15224
16796
12326
2590
15718
279
13952
7034
4728
13409
14698
12664
8241
19508
12420
6842
6559
8118
18000
19133
6611
6124
16029
10454
6135
10701
6800
1797
15132
19161
5025
8847
6989
3103
367
7261
6975
10265
13239
11256
6827
9642
13132
2488
14622
12085
6493
8049
7347
1774
19832
15616
12426
4164
3170
18245
14917
19660
9852
18761
312
12658
4537
13584
16505
8452
10457
19053
12617
4740
9908
2711
5036
6622
10823
586
2166
16076
18335
2392
2810
304
6966
2993
864
354
3462
13999
2021
17496
4600
13348
9414
5692
19580
12437
15143
15665
990
18577
695
2908
7891
8269
10872
11184
18383
8856
7401
14708
14423
5438
11486
1082
13472
6451
9502
5534
3133
14525
17790
9365
9087
2017
13073
6168
6304
16276
5345
17089
2409
12028
10664
5493
6295
2929
12602
1144
15068
18465
11453
10461
14352
19127
7245
9025
6219
5300
4006
10447
1106
2614
1859
12817
4043
76
6285
8587
17127
50
5161
3643
1899
10601
9769
6967
19158
6286
18048
6203
4858
1306
17627
4809
1012
13724
1864
4267
12444
16045
16724
19090
1999
16517
4891
3646
8227
13688
6441
2613
14368
11430
16655
5352
14450
10020
6881
9673
19433
19362
7373
11160
16813
4132
16797
15854
10246
18474
11819
18388
15481
3054
8298
18731
6770
7802
14134
10529
16410
8768
14367
12140
4252
4899
18308
13649
3393
5590
10684
17753
1939
17757
9538
2593
6089
2560
9295
8487
6619
8818
7642
7628
12124
6831
16784
59
12891
5880
6437
7806
246
16914
8255
16296
10291
19585
9885
1292
13353
9681
11569
6323
15155
18223
1422
8841
1772
2764
14690
8565
9532
877
3735
17096
12054
8659
17066
17239
11534
9755
2854
18894
12607
15974
8136
12520
6426
16786
12686
2208
9195
9315
11223
14251
2623
15953
15571
14203
2233
1255
11902
831
16528
10526
6358
17622
16358
14008
14048
8114
5676
9959
18698
19749
15028
12079
19054
15924
11162
3997
8146
14153
12683
9045
3768
4069
9157
18439
16067
8128
15359
13739
16841
4304
13325
17699
17958
5708
13002
7136
18378
13060
1271
6010
15555
589
15642
15487
6122
12425
14462
18804
13913
14527
407
2490
3805
14345
12674
11189
2673
10411
12036
9947
4874
16233
9550
9635
11644
5742
15887
18073
15194
5521
17979
18113
15214
6746
95
14941
8623
11709
12578
10033
13897
10547
6790
19186
16288
6804
1866
8443
17166
19497
7933
18372
3829
19443
1278
1305
8248
19136
15701
15423
6132
17762
19757
10984
5890
2344
15524
8701
2342
376
1493
8588
2066
947
10056
15973
5883
6461
5900
1203
4914
17578
5774
14805
14991
12318
1326
1549
10323
7919
6568
6454
13171
8142
4391
12377
3981
4455
761
17068
7970
13268
9847
12717
19732
63
3261
16803
733
9309
18013
15402
3324
18472
17385
7524
17590
6020
13205
19857
14383
12673
8200
18021
14464
15233
17314
9978
15218
5556
6385
11548
1469
11039
5931
12630
15998
11578
3406
4141
9911
10639
2710
8966
4154
15455
16252
4750
5566
9198
4916
7882
9632
10747
14342
17643
19011
3996
10817
3670
3260
16978
9109
9486
15689
5712
1272
15321
12879
15090
16046
16945
17268
7023
17365
2393
18274
14807
19891
4228
12827
12810
11687
10803
13427
11753
2386
828
6034
19796
16254
14419
6858
6544
16030
17427
62
9208
14567
4529
10871
17657
7915
15305
11591
18772
164
1784
11468
19551
888
2771
17198
15593
6620
7622
13326
1922
637
9277
17712
9415
1079
5067
8408
14322
8890
9458
40
15814
19499
5717
8153
17183
17548
16876
12996
5860
18097
12010
14453
11066
6799
3415
18342
190
1629
5411
13677
6729
6063
8299
16075
5384
9421
12599
5436
8106
472
3132
15915
2817
11843
1387
5713
14822
8538
6201
6202
1244
6311
9985
4845
1279
13240
12151
19916
16419
2960
15826
13141
8149
5779
11466
17163
17178
775
5306
7315
2251
12058
5303
6836
12608
13319
6664
18309
11246
11582
7753
3463
14667
5950
7938
12944
17884
379
15988
13984
2665
15087
3941
5355
272
4937
13973
7710
13942
2403
19365
5967
12516
19463
19710
423
13965
17655
107
13811
15900
17825
9764
14257
18265
4701
5972
14240
9799
15604
16730
18592
19594
15586
19205
53
16592
7817
248
985
8918
434
18590
2264
8425
13887
7958
10310
485
17833
11881
17540
16650
10748
10797
5342
4361
16101
817
17732
14536
12767
14854
18198
12952
545
4414
6642
10641
9069
17607
10625
5242
14158
13787
8279
12627
1686
16985
13856
6096
12757
9503
11345
3557
11869
16136
348
11357
12751
9264
2114
17209
19489
4202
9627
14099
15712
1232
7790
15293
1913
16767
9203
989
17557
17745
8468
9619
12493
15086
15082
9387
17645
5649
8608
15422
3443
15041
8790
8894
10550
17485
3492
9163
18110
15058
19233
3035
3698
11908
140
6294
19381
19715
17358
12966
12701
19886
5263
1722
18345
6628
577
14109
14954
365
10207
16728
10130
10201
12715
5433
16145
17677
11894
12160
15077
14725
15698
19979
7090
1090
14267
19480
283
12248
3532
6814
6490
17087
8846
15409
11584
247
9424
12489
4368
2081
2244
16706
19180
9939
16074
11119
9345
5382
1728
18935
14695
3370
15618
2146
4306
11532
3600
4790
5257
15602
5008
14044
8271
17925
3032
2697
770
241
8297
16352
13745
11136
14908
1328
7607
6563
11263
17405
8807
6403
4976
14308
4669
5254
5786
11218
12679
18459
12287
12455
12564
10962
19225
5994
11302
10293
16741
10296
1465
1734
19290
11762
11276
2126
11327
5126
14364
2039
14234
19803
7816
6744
17237
9232
14943
9186
17821
1923
9153
15323
8690
742
13190
9479
2906
590
14900
6712
11817
6635
5572
11033
8919
18347
2127
15612
3504
5954
15376
9233
5211
10992
19202
12400
9412
9437
19781
14129
10610
19843
15926
9432
13607
5732
11941
16090
1732
6900
16555
11638
8410
8555
15561
3605
7084
4852
7041
6829
16636
10262
3773
5815
9334
3619
7892
18768
6102
1945
5377
1690
17510
5236
4784
3212
6264
4546
1973
19304
11447
16740
18205
13923
18233
7972
8250
13238
5893
1595
18339
4810
7911
10030
14950
3836
10749
4381
17313
15061
16282
16164
12178
5156
478
9597
16936
10420
18766
10024
12547
4331
14884
6861
11169
8850
6506
16637
11903
198
13857
17481
10417
6165
18072
1159
4521
3550
4586
13783
16619
7859
9686
10091
5912
15001
5474
5982
6081
7421
18040
14421
11081
1603
7339
5453
9750
9887
7567
12198
13859
5349
5764
6911
18605
8313
3979
5053
15720
5124
2835
14521
14399
12936
12304
19635
15396
17335
11777
15055
15773
13685
7977
4287
19550
17565
7075
7098
19756
14003
4973
15820
6398
11814
18300
19143
12621
10200
4952
3205
7839
17259
77
5404
15368
397
14181
17973
6052
2930
5314
15977
4628
11422
10288
199
14127
9805
2354
13590
16809
2178
15495
45
3
9398
1783
16503
17894
18103
6386
13175
12388
1552
16763
12375
15026
5733
17107
1317
12968
41
12897
19326
2636
10331
2449
14377
18344
3345
17929
14619
19623
16317
631
5945
6198
6164
13048
6238
2773
8229
4570
6237
15161
1621
11140
10731
18544
1818
14705
18889
7048
8578
8039
7529
14084
4742
829
5385
9712
5629
1058
11677
5178
19663
10536
3091
16159
17705
11227
17055
3153
1672
6913
15406
4552
3098
1698
11710
9633
4993
12439
17459
15787
251
11196
3803
18409
8044
16937
11339
19545
11722
10974
12177
15486
18092
19373
17724
17571
1706
9615
16929
13055
12239
1544
16429
17693
16485
5255
7885
16927
1525
19457
16714
10429
7921
960
2108
14776
5109
11658
16802
10928
19869
19985
15919
13515
13018
17516
4573
17234
16017
9606
5727
9687
15636
13779
10825
12414
16044
2570
8488
5039
410
18319
14515
7267
1424
15527
16920
13235
13609
10760
9089
9830
14935
8865
3257
12143
5189
17115
3326
12765
8762
11725
8862
13709
1167
17170
1214
19387
19170
5030
11062
18987
3625
5123
1425
11432
15770
3407
4840
14961
7417
15801
7978
16532
12975
528
997
2642
696
13547
4
2510
10031
9215
14259
4135
4434
3470
14165
6312
5086
3209
11971
8522
7666
3408
7597
12053
15458
14985
1429
6283
11874
6796
5828
2742
332
14945
11399
6838
8120
12988
3045
4660
8729
4904
5426
9560
12963
19907
6073
5282
9838
12987
18609
17454
8215
5639
617
9794
19767
5724
3863
6701
832
10324
8583
5490
10894
15739
17931
12961
18570
19093
1123
14543
6092
18027
875
7056
9138
4684
14713
2784
7495
13079
5792
16594
10652
3611
5446
5119
19296
17223
17711
4352
13893
216
1448
11365
19604
4256
18195
2751
912
7825
11375
9047
168
19602
16132
11933
11095
14851
15908
17602
18493
6533
4353
9155
10923
15103
13695
7254
17088
1575
13317
14057
8664
13822
18582
1390
3349
13217
11151
14221
13270
8741
13131
17576
3865
2257
18922
13267
1814
3371
4323
14468
12916
11716
19119
13408
5334
4155
14000
7698
5220
14711
18906
7476
17216
12669
15629
18857
2154
7821
9835
12045
18181
16173
19273
14661
5647
1647
17461
19621
270
10390
6327
8640
8873
6771
18262
121
13439
9409
8274
17236
14032
19066
10189
11243
7274
14645
16996
17027
2298
18070
10978
8707
9323
15633
8860
4688
2187
2202
16138
12184
11930
69
14318
5420
7734
16266
17543
19055
13051
11264
1666
2445
1553
17523
7994
7774
11133
7640
6288
5825
3953
18676
14586
17171
19007
10584
13803
6839
12212
9568
8051
15429
1081
9527
14671
10675
7909
9156
7577
13877
9706
11441
17253
17361
1580
17795
10593
15666
8240
17318
3169
8472
17955
10525
13843
16964
1806
4168
17735
14983
15205
11143
10971
11341
19105
11193
19581
4632
1506
8899
5013
17614
3765
5033
1333
14812
4880
4157
7515
17769
13173
8358
2091
1147
14125
9700
11719
9628
13586
9793
14363
14
14644
14556
9990
5970
13687
4343
2489
765
7615
5690
4112
11588
11188
4647
8356
18603
7215
4638
16298
16388
4372
9202
6335
16481
2296
9671
18377
18351
17719
12102
2289
10003
13045
2639
1414
975
11134
16617
12203
6166
11047
16924
10693
12296
17421
11729
524
17783
2943
8778
15907
11867
5781
2378
16857
13977
2897
2809
336
3369
6764
17731
7902
7113
14975
935
17663
19898
9867
3142
5073
18730
9526
8076
16548
17125
8527
16521
2808
7526
374
1152
19522
4555
14929
439
7191
1169
6330
10126
6291
886
13459
9470
3390
7715
12945
16005
11782
8830
17069
17877
16818
4266
2890
3505
15853
178
4225
18808
5289
14664
8832
1751
2956
342
24
13641
12878
1477
4300
5869
3086
18623
15262
18948
15760
9882
16119
14573
8335
6985
18645
2096
17119
16759
13446
14425
7584
15795
9909
19636
13932
15800
14749
14640
5057
10604
9343
8917
17224
15261
7365
5723
2194
12901
14270
4101
13498
6088
10195
16089
1052
3906
4607
18096
13630
8831
5056
16693
5947
17181
9173
17538
19491
10150
7527
4320
383
18612
8642
9827
7335
16683
506
8908
2439
6959
8809
11846
16387
18408
12228
18821
6527
7954
10176
5055
656
18842
11570
15864
6328
19234
6181
16553
15603
1186
11642
13024
3323
8302
18368
9192
4860
13830
9705
10110
1761
981
11144
10303
18550
13387
9724
9463
6968
5559
14279
12188
14376
3835
18094
1679
9301
8989
5070
3952
2954
16205
15019
3918
12310
14343
14947
7305
5759
4663
8734
4440
4146
15727
17638
2702
2511
8592
19742
17993
14430
13514
11376
14010
17428
14120
16230
16771
3872
11485
17633
10349
1601
9895
19363
17466
11518
3792
16549
3025
11057
19379
7225
2327
3064
12127
15748
7702
10435
2516
7132
11781
14811
17334
19823
3599
11964
6896
13659
1982
3467
1276
8591
8029
1407
16180
3780
14790
15595
10943
12841
18616
14460
19943
11937
6675
8952
12060
2694
17113
7532
9958
2270
16182
11159
8012
3891
2577
2892
10086
16335
13215
6392
7006
14791
1610
2637
7491
12893
12165
1593
10437
11541
16072
13164
14774
15871
11103
3399
15921
4889
8582
8593
8189
18975
1556
15558
15206
7754
12559
2099
15664
2801
16453
12528
11251
7942
9410
642
17594
17149
11520
14483
10847
11771
5061
4884
17870
11199
19493
13962
702
17887
6047
19400
19919
19632
9751
5234
19775
11429
3946
16328
5600
1717
6259
17446
9956
1631
11790
18462
18979
2866
14893
15567
12781
12567
9214
15789
7331
11627
18998
17465
3885
3158
5190
12989
7775
15424
13632
3094
10711
16452
13661
18030
8614
18888
8520
5637
5738
15500
7188
2663
3743
10358
1656
18911
9528
10040
5722
6353
10045
10023
6117
3630
13634
14668
2245
5458
18041
15183
12234
14925
4923
1990
18912
626
10650
12558
10794
15083
14734
13452
1160
11267
19560
9490
219
10572
325
4416
17045
2867
19538
8721
9675
13581
5302
6417
9012
2105
13669
15361
1194
699
5914
5943
6657
7388
4806
15024
2977
1096
12163
56
10768
7152
19520
8157
1347
13377
4359
2234
6453
2690
3761
13916
15340
2893
12113
18648
14216
13412
12862
4176
210
13564
12859
1889
1149
6874
19002
9171
16913
1143
2950
5748
2098
16840
11150
13592
8088
6637
2133
3575
7756
14729
5538
18773
2825
4824
17817
744
1554
3694
10179
4182
1500
15756
595
14819
19949
14329
5642
1318
1036
8509
2563
12383
11913
859
14901
1793
15513
9730
19770
14185
15610
4013
13067
1127
9982
18270
15599
4940
11581
16301
7226
4254
3322
10968
1441
8534
5332
9248
7273
11079
4373
5028
11242
12818
7289
4519
13970
6843
2214
8740
2932
11451
4482
6419
17371
14682
12811
5929
9906
6909
11484
15292
2172
15226
6077
3684
1051
2226
685
15742
13807
3520
12899
436
2604
10502
19226
14911
5535
19044
17215
7325
7343
11898
15592
5125
17227
8693
19150
14594
18362
14646
11014
6384
425
13017
19646
1459
19920
19071
17283
10485
19910
18682
1658
1245
12555
11816
15560
1727
16988
14252
18261
17618
13196
1983
6049
13477
5800
8422
188
17416
13361
4097
12861
16906
4016
12107
13793
13792
6824
14242
8793
16068
13681
14914
15182
8424
16367
6945
11654
16168
6438
13752
4489
13946
4938
19776
12718
260
3866
2548
11173
8440
681
43
7976
9183
12771
13151
2141
17985
791
17676
986
16713
6703
7324
16632
16709
5818
16820
4732
11559
10240
3755
620
11679
837
722
4230
5991
16097
17226
8312
10562
17748
18038
8460
5667
17353
9738
18510
1879
2703
9482
8376
5162
12145
3174
12456
19978
6103
11201
625
18606
14223
19783
3197
12604
6728
12402
7889
16910
532
433
4690
9237
11910
4867
3265
7712
18780
9134
2382
12697
8293
18051
10131
2034
6218
18455
10545
9142
18678
2253
15688
2140
14349
17230
7559
6748
17141
12204
17186
634
13295
7108
4432
2239
14856
15932
11683
12382
6504
3466
11556
12915
19005
14495
9584
19036
16455
5212
16853
18018
8971
9766
741
12808
14785
10128
7644
10374
7376
4497
13114
14204
15605
1543
13386
18847
19941
8249
1304
5701
8399
17810
18469
14314
10594
12176
7646
15243
3355
5026
17300
12768
2162
13836
9501
14382
5527
700
271
8558
19698
7941
823
4913
19705
189
13938
11501
1080
12308
18182
2461
15441
12224
14052
3977
12273
6302
6054
12635
19678
4730
7157
19473
14627
6706
758
15473
2660
3833
9888
416
9965
8705
16465
9471
8388
13109
4789
19672
8461
6697
19490
8887
18872
15027
19102
12507
5908
8275
17756
13479
17670
7106
15053
12453
4428
9494
677
2774
9997
1564
2949
10077
9440
14580
358
15234
3928
9036
18705
15866
6528
7897
16562
12077
3330
6818
18929
10474
19128
10445
2869
8801
7100
19421
4404
1208
14429
6864
16357
8233
11435
11155
5494
9670
12451
11272
17943
19208
6244
15121
1211
18087
908
1401
11864
15107
1799
9044
6694
9160
13686
15507
3283
14098
18646
3085
8373
19888
962
15369
17951
11978
14014
9313
4939
12474
13967
2700
10782
5768
15308
12824
6269
3447
19773
6053
13338
18992
12042
18949
15306
15855
9041
10363
1700
17018
4909
13484
323
1738
12536
5179
16653
13833
10998
15579
2962
11904
17917
13915
18044
14931
16439
13924
9787
1538
12233
11914
15650
1210
4507
6983
7283
6381
11634
10507
12014
6617
7699
8080
2024
14245
13750
2060
809
7768
1351
7482
18179
2367
11404
10864
5843
9609
17252
19884
14313
17035
10119
7005
1392
16570
4812
5511
15202
7127
16514
9015
19704
6962
11442
14530
2716
2156
14754
12022
11126
8878
11210
9662
5427
19631
17682
10586
9300
9962
12071
3703
13867
7104
16162
4851
9740
16149
17774
11962
15031
8415
5720
17482
12112
8074
10807
10308
5163
670
12796
7619
13753
5980
18114
15337
17794
15456
6679
10378
16105
10478
6321
7657
7760
18703
5197
3587
7120
4988
5836
19241
3301
16270
13959
6070
15254
17889
1461
10592
2276
14328
16327
10395
4347
11408
14138
12890
16538
16943
12927
10084
5111
13513
14213
4543
16691
16975
10753
14414
3705
6371
15788
5644
18794
2618
17025
16459
11774
6557
10321
16347
5412
18715
7620
13078
7122
17084
13628
7511
632
2556
1296
13417
8448
12141
5896
10388
8657
3442
9447
18256
6145
17915
10153
1635
14122
18637
529
16082
16790
16631
19892
4425
18125
15413
14390
3156
12067
2252
10156
5374
18139
13271
8986
15171
14714
963
7539
6960
11945
6155
17495
17865
9071
7369
9050
2479
10885
268
10848
7996
5413
16329
6951
4450
14319
11664
1483
11614
2997
17445
10528
2310
8537
6271
3344
3081
5516
5797
4386
7752
6651
10809
19468
11254
10187
19846
2705
9110
5497
5378
18951
4255
6742
18769
14209
3161
19868
6098
10191
655
3503
16026
7307
9946
14102
10870
5668
8675
11174
7920
16275
7313
6251
6447
6399
12434
17798
327
8518
2384
15326
15282
8897
2009
10505
3708
5448
13636
936
17308
18850
4954
18241
17681
11932
11474
11637
10600
13159
14903
14372
19288
7749
14595
16449
18451
13605
4649
15416
18479
9257
19570
18108
8253
2376
3926
17067
7538
11665
6583
12033
13383
18081
16241
11420
3468
10400
14479
2971
3910
14890
10268
1360
5632
13761
4056
5873
7284
8403
10674
1964
9360
4910
12275
12742
16016
2090
12835
7013
5279
9419
9524
17921
18862
18352
17409
8609
12623
7488
12832
19695
17808
11328
13526
15547
16512
15644
12656
15759
6390
2193
14820
3995
1098
12619
19799
3556
16039
4314
12487
340
17168
5671
8819
6857
105
11360
4038
15881
3721
2043
15301
16822
15215
5721
10980
6786
9593
8222
11156
19302
1064
14928
9818
5195
11741
12719
7675
5000
13496
12011
18943
3364
18802
4979
1683
1373
6405
235
4582
17281
7003
646
16591
6097
6987
6377
17138
946
11323
12309
1215
16863
3084
8198
9353
10500
19112
19111
10300
11703
5150
5340
8794
8744
12946
15074
2641
19026
11316
15304
4400
15821
19969
6235
8796
7767
11848
12665
14993
38
5402
3057
18845
5237
18390
14636
14088
10834
2720
8091
10896
10904
12655
17110
6014
4798
1582
15375
15752
6973
8678
13431
19922
8906
7080
19700
147
2662
7346
5456
2323
2023
4544
4808
3328
17348
9116
12038
11381
18725
4590
5902
9648
2798
13524
11366
17743
2899
8514
3163
12081
657
7523
8803
9634
4890
5388
2807
5206
5905
12629
17789
10138
18411
12598
15173
2247
6029
18945
3590
8776
8346
19048
16110
14665
4190
19314
58
9347
7671
12201
19086
2989
16647
12788
4226
17345
15589
11444
4823
14063
9949
3097
8900
15501
12091
15902
2905
11713
15566
16174
12877
16533
18286
6002
12370
13871
18075
19384
14262
640
8746
302
14989
17665
8016
9801
8144
745
12921
12983
4912
6359
11187
232
16057
9800
3712
12307
17021
6560
8627
18650
3512
19937
4022
1074
19061
4870
17245
13639
3110
16956
9845
1488
9660
7238
14662
16780
11137
5977
10112
7543
15646
261
10792
19175
18480
17519
85
17589
5108
4071
12526
1932
10175
4885
1397
3781
5099
1632
17552
18635
18093
3232
13456
19682
14288
16033
8945
583
7626
17577
15877
19351
7988
5063
5821
186
2566
13690
15545
9710
11893
11190
6488
5694
12037
10372
2794
12974
7744
4383
8869
12798
16167
18697
2599
8220
8839
10799
2910
1753
18105
730
3395
4572
17792
12809
1195
8541
7310
18
1250
132
14678
10281
5735
18655
3985
17811
19900
9271
2573
6090
191
16957
719
17750
13208
10862
18856
19357
13619
15185
10273
4971
17972
19739
16172
13280
9158
10916
10939
13591
19676
9068
11406
12355
15949
14475
19561
8673
14418
11803
16912
14730
19466
6123
3048
18940
11785
3732
13696
9461
1819
14847
4408
14920
11373
16413
10721
2000
1031
10431
6206
19600
1957
15148
9981
4128
19787
13008
8616
4737
17773
14009
7372
8023
10205
4015
10393
15880
19509
6000
8931
13343
15815
5065
11338
12747
18852
8308
7340
13572
2422
17410
8584
11348
16651
12460
8438
1327
13448
2215
2219
18653
980
12187
8772
1716
6990
1219
10700
3682
952
19454
18267
3141
12253
9806
1743
4678
15958
1484
11879
7088
8975
6278
19612
19853
777
9464
12682
956
9498
9077
9439
7804
13789
11260
8326
16707
16711
2549
7980
5444
3511
142
6011
2978
13851
11920
404
4959
4171
13795
7697
7175
12843
11293
16995
12450
13250
4878
7074
13059
9983
1914
17530
756
18884
19926
6268
16286
9586
772
585
8225
17678
14675
5849
2649
3440
11689
5928
7686
1812
15343
4502
19555
5170
9150
7168
3148
4671
5297
5227
12545
7636
505
16471
17124
3343
2048
15956
16665
131
296
12922
2616
11314
1066
7848
2173
1807
8466
8019
13026
3458
10589
7831
19727
16098
9496
1566
16227
4027
15657
8754
1884
10161
15057
30
15461
3178
4842
3200
18523
11583
3020
13357
19441
19049
10060
12939
1511
6110
4398
12756
6033
9748
19961
2111
17243
14867
2917
15550
9000
18157
627
3480
6315
16443
2675
19652
6411
5272
6794
7681
5867
127
16811
5624
10022
19021
6082
8213
2317
18221
19576
867
10039
4130
7557
10830
8150
3391
5047
9592
9382
5987
5838
14214
10824
18810
2525
5728
2041
200
16885
4624
1604
237
14458
4401
15272
19308
5249
9397
7549
11969
5315
17800
3072
14034
18421
2721
1902
440
19169
746
16595
19417
11349
18248
19445
2519
8381
14435
19013
7024
13233
15954
10576
14712
6859
2770
8601
13247
19737
6921
16817
2153
9006
8411
6412
460
5439
3623
2109
4060
14726
15763
6467
19398
17547
18414
10511
6095
17489
19178
17193
11390
19923
16095
13475
12195
18664
5075
12059
7633
13036
6779
2360
7886
13972
2851
2988
19218
16100
16599
1521
5589
12424
760
5563
16674
19977
10966
17370
126
18652
17196
1453
18807
1339
6915
9821
13679
1823
8879
4560
16501
14514
16544
18624
5853
6040
1421
4138
4460
12012
14648
7742
2559
5636
9618
1626
12129
15480
17321
9753
4807
4587
11093
1494
11198
5578
14631
2785
15056
11282
7318
14480
12315
18572
10822
11647
9003
1055
6976
2221
13662
3235
4945
1023
4704
18671
4273
8280
613
19864
11287
18700
19458
13305
5613
6615
5407
16228
18404
4459
13276
3540
7300
17772
4377
9093
331
7223
15352
3907
9318
3832
8216
16381
17939
1504
12752
9222
5016
9405
8974
11257
12739
4854
9872
6362
7109
13184
6272
13464
662
6284
10590
8695
8825
6638
18835
7502
18134
9262
4044
3855
11343
15285
15177
8895
866
13028
16569
5422
6217
6763
7561
18341
11075
3419
122
6929
9330
2462
6791
15981
4603
14800
1285
9225
15236
18718
874
9857
2987
1359
4833
8927
14405
14417
3074
2797
8318
1189
3432
2249
19523
4685
15260
3881
17203
18981
11157
2628
17619
19931
10945
5911
13713
6598
19153
14532
16609
7680
19008
3242
5771
9362
8332
14717
19686
9200
17987
14679
14038
13307
18673
3905
13303
13392
3960
10611
9329
19460
253
19800
11643
12387
74
6709
222
4370
7125
13958
15750
10617
16125
3455
10409
18942
4161
9537
19645
1882
3513
6439
18801
6186
8066
9091
7721
795
12853
13224
6751
15611
12479
15493
2381
3785
14998
7144
14765
15438
8932
13689
377
15125
15258
12286
680
2044
13182
11074
5498
3438
17518
4433
4575
1657
2521
4333
12625
8970
6170
17839
2332
7844
18532
12360
10521
17174
4751
4413
17016
120
5999
15634
19418
17014
2032
17782
17117
2229
2638
10583
4680
11418
971
5277
1693
370
10058
8670
10260
19356
14296
4394
4822
12969
6306
3767
18531
14761
14033
10188
16726
7776
19548
10573
11915
13978
18579
14166
3472
14498
14609
13729
1576
13378
16777
19890
17241
5128
18670
18834
6826
2263
8086
3425
1430
6420
12070
903
13523
14507
14273
2653
4964
18866
11792
11219
18199
5519
943
624
4618
7396
11021
15590
814
3134
13258
18313
2610
14198
18446
13100
10563
8486
14574
1330
8893
9140
15109
8197
6322
402
17263
13885
9052
1277
13469
8933
11106
11497
8492
6176
19974
6252
17295
17146
8107
17596
18116
5842
8629
17999
8672
1522
17562
5822
19936
14001
19190
12947
7490
19067
4463
11630
18733
12235
6240
2340
13277
9465
5102
11968
19825
4001
10671
9027
4297
8944
9779
7239
10767
4406
11808
3804
12711
12690
9292
10897
12468
15278
1499
16940
276
13985
1642
18079
6613
3449
10793
17952
18387
4036
17741
11646
13966
18375
17364
11438
6084
18754
14755
4349
4895
7795
19094
14276
13407
5136
4158
14097
2061
19360
19874
13934
18236
8481
6497
4243
2535
4666
19690
9107
19953
19609
11732
7949
3993
10932
2320
18460
9270
9238
9399
11153
4749
5113
1240
4673
1166
14159
17413
1581
17391
13613
7997
8681
7162
8402
19402
9053
1742
6051
286
7101
4779
14194
19851
5685
2258
4085
13921
5467
15390
12708
16223
7660
12325
15178
4264
15523
4850
13920
4906
1644
10970
15781
6346
14736
9272
4189
18593
13680
1408
355
15802
8568
5935
2648
12237
806
15719
15700
6300
9573
14576
513
17046
9450
10850
11312
18858
11363
3362
7590
6128
5634
16113
19952
7391
7572
5696
17057
3554
5502
4631
14232
5897
16573
11397
12465
9403
2948
11000
13102
16703
5894
14561
5549
11746
11966
4926
10173
4350
17581
19654
542
19836
4948
17233
12583
14875
8175
8804
10956
19462
3796
6373
17479
11209
7854
14397
7594
15347
8688
12852
12806
3348
2755
7720
11329
2181
2423
2437
14965
4201
2356
13748
17387
16407
152
1252
1233
9979
754
16992
17002
9443
10073
16855
1791
12049
16373
7295
18586
3087
19532
16670
11636
15597
7457
448
8868
12330
18360
13983
16368
18755
14898
13366
841
9291
4907
8594
16860
14433
7568
16614
17210
3077
7485
13711
9594
4786
10517
13269
6428
766
1104
7899
15913
6223
15872
3460
2433
2667
8571
4500
10325
11586
5737
5704
4140
10863
10634
17074
8339
19653
8166
12537
3374
11912
10079
14428
93
15652
4753
18391
6723
16676
9431
16199
19174
9875
10901
14544
4366
2974
10159
11350
9640
6006
1482
18524
18045
11265
4388
4397
15637
19459
7357
727
9073
11177
11229
19496
15446
6182
17260
11887
2223
172
15896
548
6778
7159
6840
8651
281
9247
18549
9111
17036
16323
4505
17184
12246
2465
13116
8434
6440
10432
3825
11015
12998
10900
10752
6680
17687
860
204
16719
13245
7012
15111
16634
19691
9379
13968
6191
5939
15341
6988
10164
3827
17205
4706
17746
17116
1926
10448
19334
15399
5395
3951
13776
9371
4849
1570
15647
18674
14303
11738
18783
8764
8806
18033
1222
113
16821
15450
1988
1324
2222
16579
3530
19140
10690
18437
18395
1708
18720
10676
7903
13229
14880
15923
19230
13758
12650
4735
10695
12517
19526
16758
12101
5062
2495
18162
17136
4003
12761
182
1416
9762
19065
17848
14170
13324
5526
12331
19811
3925
3495
12860
7762
8539
3915
19914
4736
9519
2132
12109
8464
13831
8824
3140
17501
3489
10523
1664
14103
5052
16731
815
17015
8206
13642
4974
12120
5356
18811
1032
8379
18734
11403
15466
10473
15598
14838
7304
15943
5951
12569
18517
16324
3604
3429
2506
17531
847
406
16621
5424
911
9462
1980
14866
9028
17640
12628
14060
5852
468
18513
4342
3664
11726
7065
19613
13362
13786
8159
12991
17842
16755
9373
15672
4099
19696
10857
10141
19083
4989
1959
14973
445
19640
11017
8567
18026
4700
17912
2538
17228
4005
3365
11192
16427
720
9383
13980
1824
2444
11352
504
782
3053
17109
3452
5579
18363
18232
19938
6889
3790
14218
13618
4601
6148
19154
1613
11889
18601
19240
9672
10837
3626
14772
17847
674
5962
329
5273
18786
10739
16522
11552
101
10875
19895
16663
18539
19807
8184
118
10104
6942
13435
17292
473
14496
9475
11515
2731
10838
3171
17431
15365
16743
7974
4927
5740
15479
11221
4345
10732
4561
11988
17144
1346
17706
6877
8577
14907
14222
3608
5354
17011
5098
17542
12929
7027
10034
14857
10185
19997
2278
1142
4272
10006
2078
8925
12510
8006
8646
6370
9843
5879
14205
17316
7782
12866
14080
12447
11378
13306
17689
7898
17700
1991
9268
6878
13323
14990
17818
13144
1910
19639
8387
13246
7986
17752
18751
5479
8650
15484
12596
16279
13570
16962
18625
8363
16390
5326
16378
17157
19758
1740
15181
14416
4513
4863
9518
9401
17279
8726
4511
13404
1804
18009
3184
19146
15882
19693
17568
12449
12433
5174
5574
4760
6099
4820
7453
3316
5400
11283
10052
4881
2246
6848
7308
8526
2647
5168
19284
16315
13873
7004
17423
5371
17697
14366
18990
15891
11789
4563
15834
13379
14501
7510
319
11907
1782
16330
19583
15543
11121
18249
14272
8119
13755
490
3203
7504
13712
5328
10147
2070
5750
262
12883
11423
3581
18104
4848
4630
12061
10044
16883
4540
3701
18006
5858
13374
923
17667
1871
5833
16882
4393
14786
16038
2427
15373
12533
14598
3120
10933
15828
8110
5835
15102
5224
16904
2612
7723
14132
10498
16603
2230
8735
17192
8605
2003
14999
3818
4437
81
9185
1509
2297
16550
4550
19197
12339
1053
13252
7439
8782
11949
10167
12254
12695
14388
4512
13363
4694
2693
13705
12691
16915
371
6695
12638
13961
15807
10043
15937
10851
16616
14128
2512
2620
17824
4364
7416
16932
8180
15488
16909
18729
10386
4131
12499
9924
612
3729
7945
5350
2322
5193
7299
16340
19815
18485
19731
11800
2907
14779
12626
19833
10689
14149
13209
3877
17685
14630
19378
15447
1979
14802
9752
6931
19736
5963
5813
17412
1536
2935
13282
2163
1670
6863
11862
12588
17551
2331
18381
4321
12997
19015
9121
11513
11142
11752
11649
11001
7667
14020
6789
12209
19069
6383
438
18001
17443
5147
17076
11530
15316
15011
400
5496
6648
6028
8512
19397
11478
801
18399
2362
18937
18314
1512
7172
17904
11405
5392
7196
6717
14700
17766
12654
13014
5483
16391
11462
4262
10048
9126
16461
10064
4279
785
157
9546
7317
13418
18392
17740
1187
5373
109
1527
4523
11694
16351
14471
12427
6091
2365
12429
14604
7534
6326
11811
13279
4517
19471
587
10344
18873
9555
17399
15591
1545
11526
11414
6941
19816
12905
16708
14829
17525
5138
7294
6334
7093
13558
10428
14413
18275
19139
18498
15635
17694
1970
3038
11010
2833
80
3177
17567
2761
8781
19872
17139
7701
16704
3225
2261
19894
16966
18809
18561
14848
10216
5351
1950
3360
18183
18567
6414
855
17363
2352
13510
12985
1164
3439
5428
12562
14879
11537
14610
13732
11797
1243
15927
16529
12279
6486
7627
16085
11865
14199
16202
8752
17612
1393
10443
12132
9304
18095
8236
8420
10397
3601
10089
7007
2432
705
16980
1110
387
16086
9485
2496
10375
8598
10553
17304
523
11139
10663
19806
11686
5310
14602
729
19099
13070
19904
15462
13738
15491
12713
4170
8105
1151
13292
3352
11796
8162
13668
18613
8414
5816
9788
8483
15723
17960
4621
11268
17539
461
6121
42
9820
3727
13730
8277
3210
13185
9927
16530
1011
13493
14751
6485
18798
17438
13912
19310
14432
16417
9589
14151
19057
8714
18585
14316
19882
8372
3613
18928
7480
8484
3857
10598
18956
15868
13733
8469
7259
12035
6213
4312
6505
8441
6487
17517
17085
12723
13503
9790
6964
14124
9810
14654
19998
4242
10530
2961
1229
1201
17804
16712
13505
4908
9786
7008
10878
1870
11773
450
16040
5064
10737
6456
12293
7783
14830
6795
16815
4443
5710
2832
5609
5397
8745
14572
16343
1940
16798
2312
15025
11045
3396
5861
17583
3506
10209
6584
3542
13528
8276
6026
19243
9696
11607
19651
6413
17277
12633
10118
3083
694
8286
5965
14018
13052
10940
3737
11358
15265
3826
9314
12125
12870
8561
5335
12230
9542
12706
4548
7663
19098
5730
15141
11758
2267
3824
8400
19793
19470
6711
19880
1348
9877
366
561
6261
8928
2822
8955
5558
16896
5089
6920
9691
6231
14379
3987
9862
1002
18576
3368
16364
18824
17034
17202
18526
12350
5186
15669
18374
9143
3972
9372
3944
8496
3697
5739
7631
1400
3929
12004
1198
12219
18695
10302
2345
6389
4317
15281
5320
5001
10143
13945
3620
4703
9159
5961
3471
9590
6934
7765
1916
4046
6721
4124
9228
15327
17625
7378
19465
8355
3147
8597
10774
5907
9209
873
3240
180
5745
17447
15394
3521
20
5829
17162
15754
1555
11214
14441
12365
8998
15838
7454
19486
1998
7145
4843
11980
7961
2338
2419
17823
2595
602
17232
11509
15408
2572
7778
13460
9059
9243
1353
16610
8243
2786
3867
9080
629
19495
6303
8147
15223
5917
14799
18020
19198
19885
346
17298
9204
5548
3957
6388
7129
19369
6769
10382
19075
7906
13580
12418
10327
19992
7431
16575
5472
14878
9136
9541
265
18218
7256
15198
28
8871
8618
13597
14792
6567
11419
15865
15474
7333
597
16009
2467
14669
7709
8817
8691
887
6592
977
13947
2052
5937
4148
7334
9644
15863
6608
9337
13769
14072
17803
5594
2266
6873
17064
14069
10994
15668
18628
11284
17397
18382
10230
4754
6200
9742
12128
15531
7733
12957
18430
7850
9018
7740
1325
14306
13072
4693
8566
9229
958
11775
15934
6287
16942
9402
19795
3479
14253
17600
17484
12268
19563
13604
2848
18745
10532
14095
16928
1046
1155
2399
17859
5918
14381
4639
15568
3167
11084
19948
1009
2196
11080
13589
7428
16923
5892
1338
8341
3338
12027
16222
5876
8301
6573
10788
18931
11409
7979
15130
123
18602
7323
18366
174
8625
9065
3071
19109
1107
17679
3293
17394
7486
1334
7588
16121
8757
789
13895
7576
4796
3632
10123
6688
10725
19479
15982
8634
13058
9386
10241
14970
4718
1827
19004
13621
18338
16606
16435
13115
4167
9936
11690
18189
12078
8737
1248
16109
18859
17440
17852
928
2030
13315
8905
2509
2946
10347
14647
5744
19120
3593
18917
18930
11825
15212
8763
13080
7533
4237
17176
6227
13969
7269
11027
12807
5321
5339
12813
16402
16537
18107
4782
1724
4486
6075
16824
14327
5043
1180
10983
9873
13179
19274
2067
14330
14311
19200
10307
13092
12666
13982
19408
3469
13656
14583
5267
7700
18301
2963
954
13737
9620
2283
10649
19014
15540
15651
10926
13160
8996
13594
4968
10570
6380
11594
15559
14535
17059
6564
12144
14231
1286
12784
4925
11171
15804
19185
4953
706
4431
8218
7668
16232
8780
16590
16124
17155
16467
16661
13394
4288
6957
14539
18759
14649
10011
2438
2580
16287
10427
5177
1872
11993
7861
8489
13176
2271
19722
1878
13501
6293
1895
11271
9653
2778
6162
8779
15442
1941
16160
9853
5007
13009
18840
14045
8258
14801
2491
4532
9255
8478
7659
1315
8912
2738
7001
19999
13548
14130
13278
2036
10715
19091
10800
10340
16864
13765
3047
17458
13919
7181
13840
6194
8848
11558
17468
7580
9599
19383
8169
11685
16365
13049
7455
8662
8669
6958
2830
15489
8874
18934
13465
1851
14456
7375
17801
13333
9860
5116
17056
18426
11334
19328
19006
8765
375
5587
2847
4501
12636
14119
18118
9039
16510
4527
798
3801
14358
8428
8033
9393
11494
15267
3211
9717
197
12168
17257
6982
18418
8836
13029
7672
17976
1550
16881
14294
10839
15946
11356
4334
17433
5165
11489
12502
15798
19827
11294
650
9864
10996
13845
11036
17248
567
18812
10765
175
11733
7999
3759
11571
1431
18986
17573
15726
7506
17632
16337
12290
1029
3774
17456
16754
8054
15240
19034
8109
13296
4035
3041
308
11739
5715
11870
6720
10459
4082
10950
19201
3347
644
2685
17526
16898
17592
3248
1830
9287
9285
284
1845
863
14402
84
12364
13508
6684
5485
11648
17793
12114
4490
7463
7953
18447
9236
5655
16251
7436
2598
11650
5105
18082
12480
679
19130
5486
17998
18501
13478
10531
3784
2254
4207
16320
11895
7173
18658
18039
463
2518
3799
13785
13575
18028
16752
6543
17928
16385
16900
11523
258
6603
13077
2149
3070
14986
8523
2325
5615
3650
13858
3577
17968
18726
17718
18324
9428
17378
7674
11385
9897
1217
9966
7271
3375
17524
5620
19856
15985
8816
4126
231
14410
2984
15533
12762
5290
18117
3459
11845
4838
16825
19255
17656
6017
19865
12298
2210
6753
12288
9354
5134
6833
13794
5286
6427
9265
825
19752
6072
4928
1826
10927
4846
11745
16191
7183
5753
19819
6961
648
15199
183
5115
2739
12104
8176
6581
207
18481
18784
6604
11572
9276
214
4576
11068
17599
7492
16083
2645
11070
3491
15381
9721
2129
7437
533
672
9452
8181
3704
1148
7837
10516
5916
5646
9467
19544
12139
5121
9588
3816
10613
3305
10877
19606
7348
12705
3662
8011
36
12563
11598
12483
13672
10861
7573
6435
16277
11097
18197
16285
11645
19032
18946
11086
10724
17326
5865
6868
6457
17246
10944
13118
7199
16944
1138
17429
18638
14623
13336
479
8499
15229
3216
14365
13308
12770
15279
18204
5431
17806
9002
6662
3809
18003
5262
16788
8171
6032
3728
7446
4683
19656
18154
19572
19939
18140
13950
14742
3394
10905
19648
16890
19643
5541
16235
3937
14385
2440
6732
6572
4593
10018
12126
6621
18980
1225
18052
16342
1883
14168
7161
12616
1020
14447
5085
9251
3230
11292
17452
6640
11415
13716
2743
17937
3334
11593
7560
15310
8254
18477
18380
15300
5380
4947
5585
115
7530
18876
26
4595
2991
13577
15372
2998
6938
12130
18303
10853
7875
19270
14438
14733
8168
12023
14164
8786
15675
5466
10174
4139
15382
18792
15883
16875
4827
7456
18791
3695
3848
4530
14858
17710
18742
1263
7330
17470
3288
18369
13603
582
9182
12743
8257
1933
7054
13309
9812
16664
224
16087
8263
7669
18253
6525
17285
8813
9591
15228
14770
16612
13334
6916
15708
18119
7483
12764
10618
4009
267
18836
6661
7415
18467
15113
4606
13227
3319
15428
8210
18815
16316
17351
19368
11608
13740
13437
1699
10810
9695
8032
3750
16061
725
18554
7868
13802
2225
18915
9631
3897
18297
11551
2470
2220
9219
2889
6883
11844
8252
18923
14347
2315
1721
10533
13884
17082
8687
19084
10921
13005
19042
13826
16093
1479
13495
13585
15516
14789
16873
16513
12438
10333
11490
9468
5329
14592
1026
13891
14558
18672
11617
7063
19956
5180
8192
15414
1141
5122
19677
13996
2951
1440
11961
18252
18210
9242
7435
1719
9963
17791
13499
6144
14246
11528
14974
17644
14620
2201
10976
6519
4743
16478
5988
15884
4116
15785
1065
7143
15569
584
19993
4876
14449
8699
4212
14233
10109
1623
7217
1239
10811
4746
2689
18165
16652
1340
13416
11288
19912
17726
7286
18483
7871
10276
18089
15992
14687
16721
3241
3477
11853
16559
7719
1518
9184
11452
1614
8179
12372
5261
10171
539
12543
13545
11181
17301
18871
7037
6956
10197
12484
604
94
7130
7989
10359
6631
10317
11482
9055
16043
17001
14569
9851
3782
1622
6246
14635
10814
11525
19703
3856
19575
8351
16401
17844
2585
18799
1852
3783
4522
10029
16447
15588
9333
2398
15043
5767
18431
6991
12595
5203
8395
15417
10644
17464
1010
7205
10713
8321
9487
4715
8396
13864
5396
11078
7055
6912
7213
5205
10527
12898
9147
17902
15163
3441
10712
9137
16785
5131
6160
13038
8108
4717
18064
4058
857
17555
8454
10665
8861
18855
8797
6220
6601
1218
1715
3450
16642
4882
19292
19984
12766
8124
12208
14407
5076
2468
8984
3839
11248
10720
9306
4453
6952
15519
6940
7606
11547
3603
2524
18663
2902
15839
7350
10072
15696
17017
18216
12733
8092
18750
17019
2294
781
17759
13351
13101
14655
19614
7219
10102
16398
18284
16042
19437
3329
643
7097
16527
1836
1563
15793
11054
17390
11616
10005
17469
5488
2334
19298
10786
12359
11697
916
11154
18385
1130
17885
3151
14055
5037
17286
19058
2843
10791
19003
10050
8658
18869
13117
1394
16702
5503
10061
5856
3060
8287
13110
11580
9678
11909
10450
7033
1238
18675
5944
17201
13103
18400
14135
1420
16536
6502
5581
17505
155
9473
12289
17360
10585
14472
1289
18903
3160
19533
1024
16933
7595
8228
8121
6652
17471
1487
16765
3412
2460
18443
7278
2508
17111
7418
3215
16014
9417
3990
16027
3002
5542
19248
108
9119
4087
13426
5874
18084
15967
16102
497
12311
1744
4410
11368
13995
29
3295
9511
7616
10790
9577
18749
2429
12994
4622
13254
4335
5543
4119
16794
384
12015
1039
7429
9836
193
14492
2136
10910
5697
9438
2790
12003
2236
8476
7781
317
8155
3214
9469
17142
10490
4311
481
3902
2514
2400
9682
7528
7585
15782
12046
14824
2650
4875
16656
6618
6351
18709
2718
16423
2182
17597
6947
8239
13543
18402
15201
19778
3553
7384
10742
12914
14360
2541
14263
7929
15564
13987
9783
13424
19432
5806
14474
13331
7218
18632
15733
15147
14054
451
4967
621
1417
8471
17995
12795
15530
4894
15362
18546
8547
7038
19303
15439
3702
7707
9351
12792
9869
8949
850
8826
1569
10032
7769
2292
16463
14292
143
6981
3311
1887
5680
16750
19536
10184
11767
18180
14325
15156
3024
12814
18787
14882
10489
11786
9622
15139
17419
15064
6817
13198
1375
14175
14659
14348
10761
17650
16644
10190
15016
4640
184
5078
6866
8285
5603
16998
2204
16585
3318
160
17536
10623
18611
610
9123
12839
12454
19464
19507
8256
15504
17328
11882
10009
8178
6624
12779
3075
14265
10640
11612
15460
7147
7400
18509
18332
4568
8827
15046
16903
19325
8685
12783
4856
2812
13976
2022
18633
2326
11606
16874
2407
12580
16626
13974
6004
10391
15353
713
8731
7399
4457
9098
15904
1432
8653
794
6969
13800
6509
8544
9118
880
18683
2911
3968
6318
3196
5235
14767
4409
17715
14351
8070
13578
17289
13953
4150
4633
18816
4083
5927
12278
17855
16185
15939
8193
16762
15403
1599
5280
769
4111
4757
6707
6180
2882
211
12561
3040
14563
1269
14497
5857
15411
15119
475
6360
18046
9020
6503
15062
7514
6005
17172
2151
1909
3409
8354
4864
18174
840
17511
3314
12725
15029
8077
11122
9638
13933
17078
7351
10361
259
6112
6462
8429
8224
7566
4935
969
6250
2395
14025
2952
11191
3137
9688
2747
11286
18961
5618
8078
9534
14976
6806
1468
12476
19724
19837
15565
2804
8838
301
1684
14154
2179
5726
4645
19060
13481
2569
17624
16546
13631
11455
9449
15587
10210
10769
294
13943
14167
11384
4772
3950
15508
3428
6111
16058
9510
18024
15498
18396
8047
709
10099
5614
3359
4405
4283
3548
931
13302
5948
14355
3895
17635
34
7030
19578
4726
13342
2814
18760
10239
1019
13480
1253
16892
10843
4531
17570
16916
16959
5773
12074
541
3621
569
9625
15747
15021
6056
10339
19411
9676
5298
5562
19615
4387
11727
9355
6226
15453
15476
9668
4339
12146
7704
10963
955
13518
18967
11344
11724
16525
14672
4115
12226
1514
3938
17634
10504
16604
16690
8497
12610
9930
18323
1427
7210
10014
16175
18837
16847
5429
11793
18679
11668
14769
8626
19222
19950
12186
13742
16842
2805
1951
19
9187
5275
11125
5081
19177
12324
1505
10602
6566
13784
4799
7851
18641
13573
16554
2027
5794
16827
16221
5287
12759
1678
13444
7404
1293
11747
12660
18416
16269
5233
19779
19573
12306
13212
13816
16036
697
4449
535
405
16500
14716
9699
17040
173
19425
10406
11805
2142
10680
6993
15
6281
19025
9535
299
7895
7556
11064
18867
6813
11531
1650
4325
19725
16063
18254
5688
10696
7050
7676
8026
18310
13930
7087
11919
17342
16979
8550
1741
2482
16487
2824
18907
18806
19679
7959
6469
5555
8702
11742
9035
14093
10090
653
14373
2480
14701
11921
3719
8540
12844
13291
13046
3810
9434
19159
16336
9014
14816
17541
14256
5523
2369
19607
3696
8446
9937
18954
12933
3066
12062
4049
12888
13557
6914
5230
3634
16434
19762
8038
9547
9771
7696
15607
12252
768
17420
15653
7836
1831
10865
15015
15386
11517
8096
12323
4114
18025
3615
9241
15168
3788
15430
19586
2057
1450
3969
5338
3794
16556
11699
14564
8960
8915
11911
12653
4118
1942
10316
7708
19405
8713
7643
12475
16552
19723
12942
8632
10758
15126
13653
18832
12614
16416
17760
11587
9758
10047
7140
8706
13492
8278
6142
16267
9754
8877
639
6255
12710
19822
7444
16739
9759
13411
18634
6464
4048
16581
3340
15897
17864
5673
15407
12980
1710
3589
15960
17032
17376
14068
18393
17754
2546
1426
6190
14029
1637
10270
2401
1844
1038
9933
11868
446
16749
6869
12215
9448
19358
3264
13385
426
7525
8366
3424
13395
633
8882
11228
8064
15818
7717
11682
11393
3627
2670
15678
10559
4596
16540
3525
12368
3583
12069
5264
17812
6681
16516
19087
3612
18793
3088
14828
15268
1905
5077
7470
14978
5409
13553
1805
18367
17936
5955
896
19179
3259
9261
12157
17294
5389
9026
14186
14658
11301
19012
18357
8570
7020
16951
565
6501
3574
8643
5394
11215
3934
1557
10253
13174
4605
6126
8304
16868
15536
1546
14375
763
1833
558
8536
4758
1097
17535
9239
17368
948
9308
2408
6468
457
1241
1297
1634
5729
3692
9341
14136
14836
5718
162
2736
18976
7928
2015
2063
19370
17533
3909
1102
13988
19194
7019
1281
7819
16697
2235
7241
3884
17072
5508
17729
7484
11461
1865
19973
17963
9999
1776
14051
18225
12964
10062
5208
3749
6230
17829
19037
573
14988
18412
17362
15778
11987
13531
7121
18950
2895
18017
5095
1284
9338
12657
10836
15849
15134
622
8579
18735
17969
10736
8037
8065
9388
2144
16902
18098
11766
1702
9349
9598
15196
9288
16015
1828
8234
9980
18283
18036
16415
3342
17256
14434
6776
12698
9154
2726
8337
420
16776
13120
9005
234
13804
14889
5777
12362
10259
5243
9896
12749
14499
8548
13113
10238
784
6147
2016
7154
12735
9992
3616
2939
19168
10041
9970
11545
4816
2634
14324
8369
8095
16879
18011
13937
19166
9331
8382
7600
10874
10472
19426
3641
4473
9861
11480
15400
8717
11042
372
14250
10169
8995
11332
163
11092
3213
9004
17629
10965
6743
16339
18208
8631
2131
19045
12671
15906
5841
10116
6324
67
12864
8009
11158
17161
19841
14601
7829
13491
18296
15808
16190
3118
14956
18151
1428
14835
18971
17424
16310
11372
14628
925
13721
7878
10924
2666
6475
16468
13718
12694
7896
1041
7285
6860
18502
2686
2047
2107
6668
9739
10162
15112
4389
2605
2609
16694
3998
15704
12513
15314
7051
4841
578
8148
6494
3146
16504
14577
15490
3198
12948
10692
13805
1001
13888
5207
9630
7688
10552
1532
1748
5454
18242
6491
2217
18721
12136
10480
13914
19625
19940
14686
16346
7777
10146
16257
15036
6760
1685
13156
665
15534
3366
8267
3647
17407
9604
16460
6585
7962
10959
16163
11465
1357
5464
9201
18536
17101
7725
15978
17092
13654
8981
4708
16196
11347
454
6636
5058
19043
12050
3276
10722
8383
17029
5693
15615
11917
17845
9500
8133
7413
14826
10438
19858
2405
7184
8336
9146
19081
18962
11176
4658
9135
10053
7881
2458
8152
16787
16499
1565
5746
16987
8018
8459
9605
7592
4282
5663
9723
7863
14182
8334
14161
3243
4484
16249
3529
18511
12649
5480
4771
675
11359
8758
17788
15069
3860
6196
12314
13098
14188
10452
356
7312
5149
9961
4081
7499
6393
8513
5218
10371
18432
4086
12180
543
7759
13441
19794
16682
6995
1114
17875
5432
5539
16008
6138
103
12396
1568
6718
16486
15210
12347
8230
5518
19685
10328
9034
11516
10953
13443
6489
1617
7629
7823
7249
10746
6229
735
7433
6537
18618
18989
12431
7820
10335
14850
17129
8048
1551
4722
7746
432
18817
1620
3734
549
19559
1369
15425
2744
17417
5633
19330
19591
8068
16169
12170
17375
13314
13004
1537
5686
15348
4571
17291
12193
5372
18696
10405
14406
8480
8939
5368
18260
15081
9617
2227
18209
15283
4308
1904
5299
15777
1934
18067
10152
16370
3883
3269
3496
14842
13390
19844
14451
12911
3811
13256
12973
2927
19232
19511
16625
3913
3270
5406
19671
6340
10575
17276
4052
17047
12317
14912
13200
2780
508
12391
11826
8907
1084
9266
14217
2606
15405
17819
9191
1262
19434
12804
1857
11692
16641
7743
16265
3313
16948
8576
16895
6211
5222
125
12026
11413
14439
10165
13994
181
19336
12319
6687
18941
8246
7813
3339
11180
16104
7297
9218
13011
7750
4998
6553
7570
5091
2652
3982
10890
15393
8266
3320
8071
13255
10337
15366
12122
15790
18155
12088
5942
749
6059
6715
130
6401
12407
3639
14874
11259
913
10385
12703
698
14541
5981
15286
3791
14362
17179
16782
17309
12406
15225
2198
8940
7900
8820
2551
849
9816
4770
18147
15692
19557
12227
8875
298
6847
8799
6195
8607
1077
19746
9380
10887
10369
5362
3710
14750
18056
1467
12232
4644
4695
14260
17610
395
4392
13433
9747
18800
14470
6644
7857
17493
4143
13124
15774
5449
4869
12216
18864
11296
1863
9085
7149
15776
12941
12570
11695
10854
8849
10631
6762
17349
19092
52
11631
7265
2058
2053
13470
1800
1135
11212
17879
10960
13142
4675
8783
11124
8533
635
18746
2350
3736
5631
4702
16578
15990
8551
19268
9040
17103
18838
5956
9728
14747
12241
2759
1409
8936
10888
9321
8991
14953
8755
14443
19030
5018
15515
2659
6963
3108
469
8017
13468
17240
14840
15105
609
9249
7847
9442
14179
11744
6224
102
18191
14971
6919
5966
11538
6273
8941
17401
5763
1840
12793
15193
16437
12976
4997
19449
9253
15162
7604
14446
15623
13574
7014
19619
14853
3434
15167
17359
1944
13400
12482
501
18458
3914
16198
14542
19474
3879
14966
514
564
5651
8309
17267
16488
15315
17218
7085
11931
17425
6906
11751
192
19019
6500
2168
16867
961
19393
3673
6917
11009
1177
15073
2553
6765
10004
3779
19114
16096
14526
1985
18322
4039
18796
17379
6319
18724
2452
13001
13172
10336
12913
19906
15220
3456
2714
13910
1758
11024
5810
9666
2448
6524
8508
2302
8493
3687
1228
18740
4088
6430
2999
357
13473
10842
1597
9596
7354
17695
10439
12958
17708
6061
2316
1100
7971
8479
7206
487
14461
2844
14022
8368
10247
11388
10787
11543
9874
3092
10832
13420
4295
6792
10203
12207
1892
5802
4180
16677
7724
5532
6204
328
9113
18188
14335
7505
11043
7478
19193
4104
10539
9746
13293
19577
8600
15847
9611
4933
16869
10723
7555
2669
4579
3622
14660
1021
10403
141
11942
15092
18736
16792
17287
7022
10094
6685
5393
15888
14757
16939
3105
16440
6429
13889
15322
824
5986
9016
8348
9220
7855
19125
14100
5512
13202
13340
10727
11149
6131
792
3128
8204
12514
2849
8059
17398
10982
7078
11440
16907
19380
12907
17008
2853
17137
6725
15421
9514
6918
10818
9284
18584
4385
12819
6547
17642
8207
15187
13900
17975
11539
1606
6416
6901
18295
13582
11401
3609
1967
7253
571
19744
17761
7390
15658
8828
17649
10691
11463
6003
16981
3173
7922
9030
1842
10986
5269
2319
2796
3493
11032
7931